#include<iostream>
using namespace std;
void main()
{
	int n;
	cout << "number square cube" ;
	for (int i = 0; i <= 100; i++)
	{
		if (i % 2 != 0)
		{
			cout << i<< "\t"<< i*i <<"\t" << i*i*i;
		}
		cout<<endl;
	}
}

number square cube
1       1       1

3       9       27

5       25      125

7       49      343

9       81      729

11      121     1331

13      169     2197

15      225     3375

17      289     4913

19      361     6859

21      441     9261

23      529     12167

25      625     15625

27      729     19683

29      841     24389

31      961     29791

33      1089    35937

35      1225    42875

37      1369    50653

39      1521    59319

41      1681    68921

43      1849    79507

45      2025    91125

47      2209    103823

49      2401    117649

51      2601    132651

53      2809    148877

55      3025    166375

57      3249    185193

59      3481    205379

61      3721    226981

63      3969    250047

65      4225    274625

67      4489    300763

69      4761    328509

71      5041    357911

73      5329    389017

75      5625    421875

77      5929    456533

79      6241    493039

81      6561    531441

83      6889    571787

85      7225    614125

87      7569    658503

89      7921    704969

91      8281    753571

93      8649    804357

95      9025    857375

97      9409    912673

99      9801    970299

Press any key to continue . . .